x=[1 1 (4800+2771.2812799999997i)
2 2 (0+5542.562559999999i)
3 3 (-4800+2771.2812799999997i)
4 4 (-4800-2771.2812799999997i)
5 5 (0-5542.562559999999i)
6 6 (4800-2771.2812799999997i)
7 7 (9600+5542.562559999999i)
8 8 (4800+8313.84384i)
9 9 (0+11085.125119999999i)
10 10 (-4800+8313.84384i)
11 11 (-9600+5542.562559999999i)
12 12 (-9600+0i)
13 13 (-9600-5542.562559999999i)
14 14 (-4800-8313.84384i)
15 15 (0-11085.125119999999i)
16 16 (4800-8313.84384i)
17 17 (9600-5542.562559999999i)
18 18 (9600+0i)
19 14 (14400+8313.84384i)
20 13 (9600+11085.125119999999i)
21 12 (4800+13856.406399999998i)
22 16 (0+16627.68768i)
23 15 (-4800+13856.406399999998i)
24 14 (-9600+11085.125119999999i)
25 18 (-14400+8313.84384i)
26 17 (-14400+2771.2812799999997i)
27 16 (-14400-2771.2812799999997i)
28 8 (-14400-8313.84384i)
29 7 (-9600-11085.125119999999i)
30 18 (-4800-13856.406399999998i)
31 10 (0-16627.68768i)
32 9 (4800-13856.406399999998i)
33 8 (9600-11085.125119999999i)
34 12 (14400-8313.84384i)
35 11 (14400-2771.2812799999997i)
36 10 (14400+2771.2812799999997i)]